-27.974594 8.887650
0.159964 1.857682
-17.431438 -29.051735
-8.315573 49.649464
30.333147 11.925109
8.202608 37.920849
-1.081010 3.203686
-29.761942 15.569468
34.779022 -4.263223
9.129638 47.120586
-1.656909 7.093518
-21.304342 -47.967720
3.196914 -44.963741
-29.339323 -6.535186
12.917345 38.940517
-6.150038 -32.159370
28.859007 26.243170
9.332042 7.309934
15.317100 37.977535
-11.970292 1.977696
17.478117 -7.849196
9.439573 43.791058
-27.902927 -43.079113
-10.307652 -13.411584
36.957333 28.508116
-25.388535 11.803743
-12.761871 -11.035168
2.409506 -7.739853
6.397605 -27.306278
32.045143 4.524314
-2.687061 -20.081722
-3.679492 26.407536
11.043336 -36.843594
-3.856292 44.370659
31.550344 -2.592820
-34.680698 -37.316311
2.773584 6.521282
33.925835 -4.596666
-15.078144 15.852946
-31.321285 28.922428
17.174698 21.954088
-18.639051 -12.538406
-5.561217 42.138512
35.460388 -6.107690
5.973280 10.493220
-42.328213 -18.463972
1.214565 22.651392
-11.488662 -24.498619
34.519638 0.924711
-3.240231 8.085875
21.682524 9.417006
5.271801 -12.259681
-20.754688 -10.732022
-3.960804 19.307562
0.171775 -41.573490
-17.109676 -34.974083
39.783096 -33.271629
-40.872818 -21.579599
11.072683 44.417881
-33.547710 8.912955
2.298024 -2.867714
-35.673244 3.405623
16.483841 -28.374657
38.208252 16.910559
-19.379904 -12.757120
15.138709 -13.435024
21.847860 -20.084061
2.771119 9.666410
3.521563 -35.616371
35.576572 20.913544
4.413723 14.490329
6.207581 -13.272626
-1.021940 6.101505
33.615547 -1.894311
12.045190 -11.165277
-5.608776 -1.266778
19.122665 -32.751957
32.183071 38.215511
7.689596 23.165571
42.022480 8.739351
29.735954 5.593515
-22.613890 -5.607244
-0.085482 -34.173927
-4.989157 20.299112
14.365447 -29.945881
-4.596949 -9.905312
-19.672733 -19.835182
0.161159 50.039650
-24.170662 -14.612823
13.129409 -38.589790
43.040283 -30.887413
-6.445699 25.468800
-24.458742 15.393229
-13.439245 50.047192
11.776705 48.129002
-22.586149 12.098793
25.713135 18.259661
-14.902027 20.829552
-9.041109 -17.889942
10.588649 -12.751283
-22.181231 -46.631500
-16.437517 29.198181
26.554735 24.200834
20.134106 -2.769263
-9.128291 -25.928167
-8.694552 6.450070
-29.856812 -4.239938
-1.104122 0.465302
39.787983 25.463552
28.455957 10.732478
13.783715 -8.843659
-18.986168 24.028990
-21.334810 -41.809883
-7.713185 20.924534
41.858772 18.817152
-7.135913 -17.717754
-24.207085 40.650665
-1.459504 -40.056702
24.971584 -2.158819
-29.844097 -16.115690
-17.903097 -13.622284
-28.030287 -8.111860
-27.258106 0.631629
0.564008 -37.598877
-28.353989 10.709347
9.922433 35.385372
5.566886 50.908619
-25.466131 -37.179920
-8.781378 27.614330
0.633275 -22.800180
-39.654812 9.855464
1.689113 -29.254486
0.623154 -49.144562
34.988838 19.465385
16.386040 -29.700609
-15.655042 -20.694481
29.127619 8.142049
7.660981 42.595581
32.459129 33.952900
-25.315514 -1.287709
13.932522 -0.423046
-33.823112 -33.441257
-23.676239 17.976215
-29.025352 -4.713506
39.703197 -27.979477
-0.411356 51.087387
1.780342 45.951378
-18.291613 24.234968
-27.617260 -25.231503
6.118621 -25.313477
-47.127911 10.389226
18.505697 27.594311
-14.196563 10.778244
12.647239 43.788223
-28.572809 -2.293848
9.002885 -8.049404
-1.402031 -17.382113
-15.150813 24.955164
2.308326 -4.659328
6.714684 -6.669439
-8.860775 11.557826
43.103596 25.123035
33.183487 -18.103487
-5.891043 -3.495144
14.945684 -0.361127
-0.075744 -15.218297
-12.827912 3.054553
-19.649128 -29.630033
-43.325443 -10.556285
4.902967 31.345182
-2.649445 47.556168
-33.868439 8.283180
29.051243 17.340921
16.321957 35.115009
11.741272 -2.038525
33.159279 9.830535
-34.990746 20.508068
-4.905871 -39.218079
10.214705 40.414227
-12.958937 10.714366
-49.415291 -10.883881
43.583908 -29.087626
31.409985 12.074433
2.353626 -52.532188
44.944149 -29.023699
1.191450 39.758358
-12.025213 39.436562
-29.565638 2.340630
18.302004 -26.504665
-29.667667 -49.235199
-21.179438 -5.531950
-17.319391 -4.660537
16.164877 -9.632445
-38.904728 0.106249
17.628660 -21.639521
15.441014 19.363234
10.650355 37.736061
7.464862 -7.133474
-27.021852 -8.293652
10.421489 5.266881
4.463061 -7.245557
20.149525 17.724199
-21.389360 29.576414
10.060100 19.509426
-17.634232 -4.030614
34.833099 17.062756
-0.416390 24.727310
1.172201 18.219807
10.876633 -4.255711
-15.147270 48.806923
43.027100 14.862154
-7.834180 -1.047319
11.705980 13.704084
0.369030 46.618156
-6.431164 14.330885
-37.827644 -0.255591
7.667270 -13.622294
-21.159899 -12.141385
20.779516 11.360928
-14.398306 25.370684
24.572161 26.896317
-14.463594 -38.181648
-4.274314 1.119626
1.279065 -50.208908
-3.190182 11.930804
-23.134573 -2.762443
13.580031 7.904912
-16.732691 -43.797104
43.196377 -29.325251
8.689928 32.353569
-35.297409 0.229460
10.802722 -19.134731
-39.376625 5.388298
32.283791 23.871645
9.752260 -23.768234
6.091452 -42.805180
-37.708622 -30.380991
-3.939169 -20.357916
34.394173 20.857704
5.075155 -31.706272
-3.753860 -1.156167
36.991665 26.203709
-16.797905 -36.453934
-1.930703 -0.555355
-13.114814 -9.075468
-24.696039 -31.202143
24.224203 -12.249634
-10.071545 -5.210133
7.704625 9.259872
6.378448 3.169419
-3.969463 -20.362993
-1.711318 21.264900
3.028978 -9.063372
12.949566 40.137856
-18.429100 -21.763493
11.018627 18.571253
16.146381 2.027530
-23.959908 -29.040270
15.518946 -30.392807
13.792238 38.214058
28.729490 13.591275
-37.305107 -4.651994
-21.582569 -31.524145
5.584120 -5.099526
-18.816595 -7.885110
26.495163 23.463516
-6.018433 -10.798512
-35.346275 6.525175
-23.517151 30.669331
36.696079 22.090679
-20.709944 27.045170
-29.085438 -21.147062
12.051260 -39.286648
12.990788 37.096375
-15.139286 23.518167
10.737005 49.548817
23.487993 21.675131
-31.727621 -34.075478
-0.171483 -39.447815
-29.465607 17.673941
14.923887 41.071423
33.299377 17.401045
12.872318 -32.740932
-9.024696 -21.139578
-18.804390 -39.782593
-34.258358 -29.553347
-0.508086 -18.700691
-15.910492 12.370334
32.264786 33.508022
23.941429 -6.178398
-19.852448 27.932663
35.706161 22.109976
35.486290 35.778645
-35.092312 -29.488214
-4.463667 -17.510597
-31.880850 -4.058932
15.074656 -36.572357
1.547851 8.155197
8.241467 37.157326
-10.296336 -28.739565
-18.890163 23.936014
1.713910 -24.295847
-27.344690 -0.069463
-29.064703 -13.889666
-2.941856 46.300686
8.361565 29.925037
-7.516579 23.650164
-9.797021 -7.372233
-22.173510 32.218914
-19.204445 -36.678978
28.621313 5.175924
31.450674 3.035481
38.941010 20.487942
-23.766762 -28.282728
-16.018082 -0.070185
-8.997936 -37.727306
-29.739395 19.620937
12.664458 -35.516479
-1.890106 -13.986849
10.192968 -6.494231
-37.689735 -18.713840
20.691263 6.883511
-31.031471 -12.382611
-37.402798 -5.012813
2.114926 -11.780192
-20.717791 -15.192296
17.139265 -18.315395
23.381830 -5.341813
-5.990744 5.991184
-24.825489 -17.776991
33.811264 -8.811808
-0.340570 -12.025190
-12.856132 -34.964558
28.830801 -10.822934
18.363808 18.808659
1.004900 -15.922978
-4.530098 -9.057687
-7.196201 -20.916979
8.710236 -40.935692
25.515659 14.710026
-22.152777 -43.046516
13.262261 17.822210
7.335462 -43.133595
-3.001211 -4.298487
11.562778 5.826519
36.417240 11.985151
-16.678814 -18.918444
42.043091 24.626837
-0.733569 41.180229
-26.877415 20.339996
-14.274652 48.672993
27.222683 7.647006
-25.600239 -5.123258
7.207037 -3.197753
-15.159694 5.449687
-6.082020 -1.559675
-15.350914 3.595826
-15.818752 28.534779
-1.124519 -26.129974
0.712587 -22.881134
-26.753178 1.601658
-25.256689 -9.677534
-35.360718 -10.305934
1.084653 -5.499504
-36.662296 8.811358
37.595127 20.656475
39.897091 -26.439098
-4.520978 -39.862862
11.026750 -14.561634
11.881781 -21.298220
46.157112 -27.129566
11.732873 -36.362194
-7.722341 -5.280447
-6.071311 44.342388
-23.558674 -44.402569
43.128418 -32.968941
-16.082550 29.890316
14.525117 -4.072373
-16.822254 -43.766422
32.591591 34.983166
5.470705 -23.326694
18.016630 22.888336
-12.874770 28.966335
-13.844996 51.971474
14.812228 11.089850
35.522839 37.025902
-21.371553 20.514002
-26.477114 -35.654499
-7.363083 25.325823
-14.523494 7.581844
3.089823 1.034951
-39.842758 17.136057
-27.503098 -8.252405
38.187187 19.451385
1.259581 -3.181459
-7.405082 -29.022593
6.874922 -1.880337
-0.737513 -5.383557
13.699873 28.677902
-35.480198 -26.415012
-9.626560 -47.082397
-0.436783 51.011673
16.637569 35.987556
30.683838 23.977583
29.736881 6.636297
2.476472 19.089815
33.687019 35.383949
11.611823 -28.272326
-9.239279 37.572479
9.063805 14.328131
2.895789 47.128700
-7.852330 -34.590832
-21.244450 29.405857
-33.633694 -38.287472
-2.621262 41.580334
-3.880956 4.160602
-6.045523 0.143329
-12.711229 -7.670399
13.352457 -2.593779
-34.001625 17.766409
-10.408584 14.833006
-2.939536 -35.689186
-5.421299 20.407095
-24.424845 -11.190870
31.550602 14.322309
1.883780 42.948418
13.856484 25.273149
-3.118179 -11.314434
-20.644581 25.200239
2.773038 -52.817204
37.423771 29.150663
-19.538353 -16.994259
-4.295098 -27.034935
4.219448 -0.412690
-10.623091 -3.132052
19.456167 -37.232834
5.529321 -6.310041
23.222237 -14.585036
-10.653562 -44.956108
34.088562 36.858669
-2.453785 -23.089502
-10.925533 4.301147
-15.959566 -36.148205
-31.026358 15.865804
-30.841702 -12.643064
-1.363373 -30.644535
0.825805 2.399492
-27.113018 -11.428349
5.671682 37.116676
14.596340 34.634411
-1.170231 3.084228
12.786394 4.023513
-41.232891 -1.307035
7.068584 -44.045376
39.195526 22.733225
10.462450 38.302135
-21.493320 15.909353
-2.140680 45.381046
11.047859 43.845074
23.383923 -12.798780
2.939174 -16.775459
-12.681182 19.558084
-6.297749 -5.646759
-28.164650 18.475456
-15.903481 15.075880
7.155127 -43.214882
-16.086124 21.793581
1.417330 -14.429005
-5.641831 45.557606
-22.607651 -24.447130
12.168402 -21.011887
7.807401 23.204458
-3.873764 -10.577644
12.065413 35.466717
2.134490 36.727077
-10.803291 -17.350943
43.872734 11.447307
-7.388783 7.150252
4.094113 -44.778812
22.924994 18.027370
4.492261 -23.724100
37.960049 -6.187443
9.056723 -3.971401
6.775296 -4.500448
5.650473 -0.237709
16.364580 33.397854
-4.774866 -18.268068
11.608210 16.136366
9.205856 44.601364
-31.678926 -23.329216
-8.180012 -39.635429
-31.138454 28.798998
-6.699101 -19.035660
-32.733856 22.423592
-24.969490 8.155120
2.249106 14.501349
8.142730 35.375755
0.606254 20.082243
38.156315 22.962946
5.544065 -13.351725
30.747179 36.540447
37.384678 15.347274
17.801886 27.351770
-5.701647 4.871943
9.338263 3.122678
3.197461 20.595083
33.840790 11.331822
-32.106617 -33.277435
15.989798 48.137264
-14.704128 50.546394
6.892982 6.807254
5.029357 4.280699
-15.052384 12.272649
3.297917 -7.930575
-2.760529 23.188307
29.288418 3.237353
9.185463 -16.152962
9.968059 -37.920341
22.790195 -33.863350
-12.718323 6.557088
9.649839 10.382951
9.914831 49.848373
-0.330733 36.911751
-1.215031 -2.630214
-12.681071 -24.929628
-15.729852 16.934008
31.957329 -5.671926
27.920450 -21.360418
-38.339561 -13.668308
-19.422132 -25.113611
32.107410 -11.606697
15.310241 16.783794
-37.329155 -9.640895
-28.778154 18.298786
8.977944 44.638294
-5.290282 3.827899
0.660594 -11.528582
1.060413 -54.071926
-21.892622 32.914650
-35.308064 -10.541815
20.693279 23.698416
-38.509731 7.416085
-37.225277 -24.554363
-15.872643 48.114010
3.457903 -12.088120
0.829836 30.725008
33.410927 33.547077
-29.148062 -7.076613
-17.090574 -6.872477
-19.605936 13.889930
-17.674198 26.798656
5.512456 -9.687602
12.107653 1.457177
-39.993618 8.517937
-43.415588 -11.095758
4.734784 -35.038998
-39.863205 21.442257
18.199938 2.316973
42.781990 -29.578384
2.972290 -43.984791
7.921856 0.755139
-35.542595 0.641595
31.542622 14.120957
4.855484 11.366713
30.916367 9.209753
1.503422 6.432006
12.682146 -6.914256
13.813205 -39.129036
0.054530 46.612022
31.395288 9.359567
-21.750788 -0.808573
-11.315826 11.631654
-27.309675 -39.394470
-17.981968 22.847927
12.312833 -25.278524
-19.702616 30.434105
-21.351454 1.359310
2.951888 12.605852
0.302742 28.997158
-34.016876 20.170176
25.441105 -25.284391
-12.113113 -6.785205
-19.512426 10.872800
-36.447945 -34.011261
23.513332 -5.711152
26.509165 -4.636310
4.967729 -18.548397
-20.746649 2.536652
-23.176289 10.505159
13.895329 28.894320
27.028158 -24.535301
-8.449324 -46.988537
30.685131 33.003929
35.813686 18.027628
12.248762 7.058645
17.637831 9.888071
41.905510 4.712029
23.359793 14.678502
-32.328804 -14.281818
-33.230774 -11.351569
10.792006 6.822335
29.430893 -23.422495
-6.791955 5.043477
-22.427799 28.080030
-14.601664 -27.859455
1.558153 22.685881
-38.649555 2.012474
3.876678 -45.913200
-3.726333 -3.371016
18.457262 -15.298810
-42.691738 -6.680508
-22.412947 32.100349
-2.193595 -20.149044
10.269664 -43.413799
-23.997889 15.566569
0.120836 16.050991
-27.371231 -39.599483
1.798594 -10.223085
-0.553286 -9.556525
-22.764547 -0.086440
28.298311 22.570816
6.471881 -8.397610
-4.383606 1.743467
-19.528990 4.103094
18.813253 -34.879818
29.912086 -22.101698
19.677818 -6.874683
-14.223143 3.540806
10.349498 -21.342730
20.652439 23.619587
44.202419 11.586473
0.665367 -10.398625
-19.443001 0.807678
-3.635083 36.356918
-10.585049 -45.014778
31.873671 16.140669
-11.563355 -24.708782
-19.109331 14.256213
-19.029587 -27.274485
-13.819607 25.851057
-35.241737 8.406299
-8.054860 0.689382
1.672341 -2.075096
-10.348841 1.990339
-9.493432 -17.836342
-3.091532 -23.329069
-1.456982 -29.667429
27.699774 20.218075
4.315094 -1.593877
-21.480923 -13.363583
38.303272 11.165485
4.659201 18.464289
-4.072565 -10.099303
29.103397 32.691185
27.886898 4.664994
-9.912907 -41.310814
44.180977 -26.151192
40.231670 10.374872
-9.657159 42.275253
5.548215 -41.244598
1.081704 -10.535958
-5.353461 11.273258
4.373932 25.357727
-20.069267 29.510719
-43.312672 -0.178094
-0.874717 -51.120716
35.716396 -26.982534
-6.864456 23.014481
-0.862343 43.984989
-1.819415 -10.569496
2.343808 -45.843281
26.018311 -25.509279
-27.959187 8.690579
-36.405697 8.058865
39.043568 9.920730
-18.065300 29.171923
-10.867366 -0.178283
3.474349 5.320035
-2.734572 35.509575
2.004293 2.216005
8.734241 -5.906645
6.190079 -10.162018
-31.579306 -29.586470
-17.955240 18.867823
-21.342045 -43.491615
21.973759 32.261021
2.873975 -5.176991
14.534421 42.717846
-29.481728 4.849577
0.885649 -13.479543
10.910030 43.571953
-32.680283 -15.043312
-10.786873 27.592802
41.298946 22.435410
-17.865162 30.951342
-11.342571 40.464909
-39.765675 17.111849
-33.352573 9.021538
9.371383 -25.716042
-3.665906 41.334572
29.364405 -27.802185
1.768596 -11.805135
-15.066090 5.583513
-23.799303 -40.063847
-15.381495 31.913364
-16.374771 -44.143742
-21.937191 -48.091038
-14.984653 1.078252
29.766287 -27.983223
21.807957 -16.935762
-1.895622 -1.835643
42.095669 -28.750484
16.492743 7.199976
-35.131393 1.716663
-13.371842 14.729496
41.113750 -28.165874
-0.096942 25.663963
-0.491240 18.017195
2.994808 -3.847194
15.686403 4.112969
37.148796 -5.197548
39.803066 -26.234179
7.139082 36.138668
-15.236971 -23.738724
-18.883308 14.505530
14.236640 1.680063
-24.079933 -22.401152
5.679977 -42.564144
24.293568 23.593935
17.739479 25.042061
6.118848 40.835926
27.450050 23.154137
2.542673 -4.526185
43.410259 -27.214472
14.282166 30.631884
-26.876579 -12.838050
-34.510818 -31.292679
-3.400279 -15.085292
-6.317706 -9.453650
-1.670560 -15.439580
-33.315472 -27.223074
9.173716 -35.762547
-9.187339 -38.282387
1.518455 16.407450
-31.186661 -20.319920
-23.582664 9.759762
-27.630920 -16.825155
37.432236 18.055624
-33.204670 -15.945697
17.255678 -12.387236
-2.599231 16.750322
27.059904 18.951187
43.977871 16.577766
-16.693771 23.873674
-11.912758 13.658391
-12.208014 41.760098
0.281430 -3.688344
-23.150797 -43.624973
-22.923531 -41.499596
33.282509 18.353624
-20.811211 -4.870005
6.392527 -27.290941
-14.721328 -27.349998
-1.193569 -14.188567
-6.611632 15.979522
26.367809 -0.462229
-27.495796 -34.917885
1.908400 52.000561
-17.336889 -11.328185
6.209284 51.516903
17.354702 5.790705
11.733534 -6.042715
46.040268 -6.778804
-9.034637 50.866661
-22.444624 -18.309872
-9.300496 27.472897
-33.402622 -25.392614
12.707893 -4.302712
19.761074 -35.212757
-46.228676 1.624084
35.108200 12.986160
-23.389742 3.370853
-0.302963 7.985821
37.685341 24.782570
-27.102657 -14.390203
-1.200516 34.842453
-28.907532 -3.596012
5.138579 28.551889
-33.923290 -17.045893
33.933956 8.844548
42.329666 -27.155268
-20.292347 5.858993
24.855232 26.556019
3.013470 17.165277
9.484751 -18.761703
29.868546 34.458027
-12.544078 -31.328760
-0.684610 -10.825890
-10.223509 -29.591370
6.000080 -2.275980
-10.072940 -5.163608
22.700449 5.704976
41.187054 -28.348949
31.082073 4.802438
-0.967174 10.976418
35.159721 33.926941
43.502735 19.614140
-34.768597 24.414764
-30.070841 16.093697
15.154042 34.106609
42.975491 1.019511
10.607503 28.013132
-19.048784 -2.239653
-23.855673 -7.950460
42.158081 -28.422176
-41.140537 25.497259
-10.350386 -30.248102
-29.123390 -19.864130
35.301533 -4.005727
-31.707418 15.239564
-19.693022 30.912457
3.457622 -15.191877
7.504992 -44.385662
7.507341 -15.572873
11.800428 -11.038308
-17.572989 -9.290721
-10.230358 41.287411
11.625989 -8.424150
38.377270 5.662766
10.913089 37.208210
14.035592 25.363665
17.359829 19.849174
-21.880327 -26.524572
-21.212509 -11.569120
-5.624386 -3.639588
6.145576 38.873524
23.198919 -34.105820
21.376345 -30.854620
-23.894485 2.092035
-27.377934 -43.302864
-0.500311 -1.560446
1.429628 9.838183
34.330849 25.098373
-5.073392 2.242139
-26.967836 -34.632950
-29.292746 19.340261
-10.389034 13.410471
-25.719398 -25.489819
-5.083397 40.211708
4.873010 -8.211107
40.514709 -28.557556
28.744059 -18.061773
7.657878 38.734032
-16.119423 18.870560
-8.942233 15.458174
5.065802 4.759386
-22.138527 -41.638859
-24.623859 -1.352623
-8.584713 -20.951080
11.871015 41.305019
0.380416 0.937377
-19.980753 -45.415791
-21.188143 10.636282
6.587977 -21.866377
-5.580869 -45.070095
-12.492270 21.216784
-4.200336 11.991933
41.417892 -28.612307
-12.757944 4.543002
-32.975933 -26.271294
9.900471 -30.973219
-25.976118 15.923404
35.050186 22.158070
-19.019455 20.297941
43.223465 14.834413
1.450699 10.703527
-7.043487 -54.436798
2.135791 13.904057
-14.673993 50.247345
29.474003 15.018373
-6.384329 43.053883
5.963439 -38.209953
23.595959 -27.534994
-27.253828 -43.275818
7.757737 -3.219333
11.831154 43.008095
-12.401194 51.429581
41.341839 -29.764669
-23.171164 12.563490
9.780276 -10.240390
24.342720 16.448729
26.179518 -17.171555
-2.818922 2.639758
-5.318505 20.990894
-35.347897 -1.924969
4.667120 -16.888243
10.606785 -12.784676
-4.980147 0.267407
32.283482 22.417532
-8.507631 39.762150
-1.727694 -3.809500
-31.361500 -0.891133
11.635638 42.980515
37.739124 0.507300
33.437576 34.842628
17.635656 -22.717558
4.291588 -34.921970
-8.270009 -13.435986
4.167717 35.480469
21.245378 8.836823
-20.906364 -46.224503
39.149693 15.026939
-12.233842 -22.198112
-11.675584 46.297600
-23.033648 -42.206604
-45.347492 16.860842
37.424202 8.517268
17.210506 -3.901397
9.361937 8.826091
16.908459 23.478270
28.893459 -26.360277
-8.707810 -10.906412
-16.627199 -8.915151
-48.866772 -9.827929
-39.853981 7.550438
4.857813 -14.549852
34.357315 37.605659
3.329537 -11.396983
-17.792017 8.437212
19.754803 -28.402781
19.527626 -0.134522
35.110390 16.953497
-0.278551 38.369789
-28.180006 7.971689
-32.915226 -4.071019
17.530329 -35.449947
-14.102908 -2.091500
36.091061 33.626575
21.082401 -7.523711
-7.791448 -34.504936
-21.489443 -40.877693
34.113033 10.413677
8.612000 39.995811
4.351730 -48.924698
-32.041424 2.274656
-15.567644 44.774925
-27.578127 -5.868985
-21.489710 2.088098
-10.507869 19.220791
-10.306710 -48.560463
-10.540411 -15.247975
3.717396 -35.291553
28.940861 13.787915
-0.048186 11.348626
-15.367945 -44.292286
14.499132 -6.556763
3.271291 -41.710339
-5.201902 42.925137
-22.829477 5.446561
4.933049 4.108905
-5.070951 38.020950
-24.733070 -39.619141
37.274616 7.262062
7.893547 -37.421326
-9.218081 11.435338
-17.710751 -10.721287
-0.728571 -33.411861
1.387630 3.670542
39.077198 22.729200
-21.600069 -24.658770
-3.610420 -8.292740
-23.155296 20.654165
-18.175951 9.294709
25.338127 -8.988619
31.063213 31.280251
3.443025 44.446400
7.564990 39.686390
9.722428 48.754780
-24.898275 -17.708513
7.671560 24.640253
-19.274706 20.624126
11.297931 -1.357385
10.029029 37.655220
1.530562 -3.947359
3.863323 -19.743477
-33.860332 -2.913130
-7.155570 10.139862
40.608994 6.620843
37.718094 14.815666
-19.356655 -14.376360
6.942562 -42.081856
-6.565071 -20.956369
6.954542 18.259977
38.154980 27.423578
23.187559 -14.786067
-12.232480 -8.193266
-12.864841 -38.627930
-3.525377 -1.620077
-21.167898 8.912694
-0.606154 -49.742031
-32.394928 -1.625629
-29.264811 -35.137638
5.732539 13.507303
10.165058 -10.389253
2.864137 -0.112509
36.655468 13.391081
1.172070 -7.746950
8.396564 2.275576
29.059813 23.912598
23.295881 5.380452
-0.698080 -4.138422
7.459002 37.040661
-35.015087 -31.641401
28.445698 27.526239
4.561314 -34.334110
-4.509269 16.078945
-31.401178 11.167469
-14.179105 -13.627529
-4.950525 -11.351751
2.185117 38.929276
-0.034698 -38.942413
8.744933 -42.477249
-12.561890 -12.534111
-31.499401 17.471140
0.307598 -6.912596
-1.988906 32.999722
-13.922577 49.415653
11.917873 41.768700
9.186913 -28.628187
32.770668 37.582928
-20.405102 -25.145458
-16.560272 -44.766167
20.501024 -3.035741
-16.570730 -22.647406
-33.658085 19.676081
16.559776 44.773323
20.432335 1.625966
31.427984 16.483038
2.888172 15.518122
-10.464522 8.331506
44.652836 -30.761955
-29.429232 -28.532505
-21.845028 2.132095
36.892918 20.046335
-16.717594 -4.185015
45.214344 -26.091032
16.781063 -11.989975
7.439202 5.961457
-9.919301 8.385531
34.552872 34.853157
17.729315 -5.889754
-39.471752 4.634199
11.085330 -10.175323
-25.568470 9.319059
29.744751 16.727926
43.325047 16.956758
17.046957 -3.915137
-0.682728 -16.539040
-7.953404 -18.848343
16.728149 22.953007
44.324718 16.402153
-41.931435 -24.793365
-6.173419 18.530134
41.411400 -1.414370
7.119768 4.674777
2.740737 -50.072083
0.436944 4.728197
12.030384 -36.821217
-5.643807 10.150669
-11.073184 7.201795
24.228605 -27.307144
-25.142050 15.261755
-38.843315 28.919085
35.866974 14.926608
34.559563 -6.347070
2.653004 -13.563807
1.450556 -51.131958
-20.466187 -6.400511
13.270901 39.229527
-11.247292 -0.747386
-3.988958 -13.292157
-11.048800 -24.241171
30.056440 4.584960
-4.084587 6.227289
1.516801 47.726200
0.858480 -6.580276
-14.877149 -9.212981
34.865448 7.482770
-24.765423 -29.927790
0.484975 -4.772824
27.690189 21.606642
-5.924305 20.625221
33.033955 37.957123
-8.206089 8.706654
6.690511 11.951120
30.782732 3.532850
4.977884 48.457512
-8.465197 14.330101
4.821645 -3.146914
-2.653311 8.021445
-2.911842 1.047055
-27.275011 17.371321
-9.874870 23.060743
5.137087 1.314865
17.911840 -16.758192
22.377735 -10.950467
27.421978 23.120361
1.628190 7.579185
-19.467083 -26.639530
42.934067 18.893866
32.039688 17.702797
-10.966909 49.050804
23.467300 21.644247
-3.284684 46.382877
14.154174 40.854210
26.657234 -25.568319
-0.025875 25.777876
5.283496 20.247335
-15.134819 -28.725389
28.232246 -2.995296
25.736530 -25.221331
-8.768777 -6.859500
-12.636914 16.277782
-10.020663 3.571941
1.456165 1.303733
25.763565 -23.375410
0.005087 4.868514
-20.089632 28.259127
-6.269605 -23.755325
-3.591192 -15.374326
19.286667 20.443993
33.377720 33.867958
-34.472137 -28.909431
3.561288 -37.701015
-24.404425 -7.856632
-18.909521 -15.858096
-36.863991 11.288943
13.923611 -11.073847
-44.836216 -0.927600
16.803621 23.658381
8.138866 4.129550
-13.678358 18.764463
-21.358870 -7.231912
-26.239300 -2.912778
9.258252 -5.812675
10.658036 -4.362022
-19.568939 28.064724
-21.830906 -44.214069
36.977116 28.442623
-16.374565 49.191391
6.198939 -8.174129
21.853161 -30.002403
-12.828682 26.057436
9.176359 49.364063
-10.874504 -44.633007
37.753307 -31.014954
26.886599 -21.959459
-16.519316 28.933149
-18.872084 23.812040
9.156971 36.130581
-16.421885 -20.709827
22.572628 -27.066051
-24.521795 -8.281046
16.063026 -0.639768
-33.465137 -28.615458
-14.982744 -10.865742
-10.713453 17.295610
-7.831364 25.850744
12.646988 -4.087489
-31.466078 -23.757420
6.364050 -11.783231
13.874069 5.243306
-3.271338 43.771168
10.195924 4.174614
17.291592 -23.358356
-21.559662 -47.557289
4.460725 -5.155643
1.736645 52.066269
10.268003 8.035655
-12.179560 41.761517
-20.194000 -28.442043
18.864872 -35.603302
22.964064 5.667141
-27.257656 13.645416
-15.643207 0.473336
-24.064445 -21.524969
40.435204 -29.565735
-4.395112 -29.781641
-5.003116 18.454414
42.895741 18.777634
-37.183670 -21.555748
9.656216 -0.457488
-6.712029 -3.562443
15.846770 34.334656
-23.336420 3.356327
5.139994 28.555601
-25.307131 -10.039806
3.506263 -4.371580
3.092699 -33.935135
-9.424022 0.602240
-26.974026 -4.705244
5.930853 -45.273067
0.171305 -0.105127
-27.618639 -20.518230
-1.054927 -46.631378
22.054949 3.083133
9.246192 4.200454
-12.374341 -4.497505
7.320558 22.245920
-32.913818 20.314985
10.471674 48.820892
-28.957619 -4.476592
-11.343599 -54.487572
-6.106357 13.601381
-0.410909 -9.665618
-31.978210 14.911618
31.385302 34.169220
-8.325294 30.457552
-13.381946 11.954167
-20.227030 -40.855412
33.959171 28.539965
4.568360 12.825676
-36.040241 -7.101274
21.050310 -23.861900
-10.176240 9.715861
-41.411503 2.630514
13.666115 45.025219
1.933242 13.550918
17.473316 29.145357
12.621830 5.034125
-20.757679 20.272514
-10.988116 -28.403070
-37.321995 -21.740009
8.668506 34.458286
44.739876 21.499620
6.103252 -3.118493
0.193688 -20.443102
-35.316029 10.291600
14.216625 -15.263124
-8.880840 -15.214799
27.723585 15.358772
-3.051018 -7.125664
1.989955 -5.642105
-19.356016 -16.689478
-9.266273 -36.781361
18.412268 -15.387182
-49.216919 -10.496210
9.474192 14.892334
-13.941786 -28.027969
41.835030 19.759779
-26.149532 -15.648624
1.787585 -48.998257
-11.608256 7.780579
-39.457348 8.794434
12.228228 -15.559926
1.824521 -8.516277
-0.097498 48.094547
10.068810 44.099789
0.278745 -8.430061
10.414058 44.977665
26.785065 20.957115
3.942455 -47.245132
0.771926 -36.858681
-33.353096 -30.225096
-9.948428 16.136909
14.182263 13.807501
31.161798 2.378520
4.744626 -2.079386
-17.132277 -27.529976
32.150684 7.372045
-38.157852 5.217650
-6.999925 -27.294119
-31.759983 -30.977697
1.622641 -12.128821
-2.816574 -35.658543
-38.954700 -9.039587
-6.976920 -46.155888
-12.779977 49.750179
30.518572 3.055843
-12.126123 -8.399555
-25.766815 10.030146
-11.672852 17.501564
38.086174 22.496929
-32.108307 -8.837720
-8.939240 16.513515
-15.959817 -0.703935
28.753784 3.656574
1.893744 34.361729
-9.137048 -10.367357
30.776133 15.735243
23.243631 -5.381787
-40.743969 -16.041153
22.749634 -35.007591
30.681231 4.660443
-4.084299 6.243106
-30.235991 17.626545
-5.908181 -5.472528
1.405980 12.473706
8.755011 -2.510417
-19.849138 -29.956615
14.640640 -20.901283
14.625102 12.931624
8.300410 -0.479820
-33.781883 19.958246
-32.843746 -0.783366
-9.655800 -25.883579
-16.065849 -8.407987
17.060572 -22.752771
3.149802 49.682941
16.208679 14.303046
-29.674120 -20.867455
4.482881 38.781551
-43.875889 3.464855
-14.408588 45.621059
-13.916685 -38.941299
23.049816 -38.239803
17.649063 28.363134
-2.418839 -9.530072
-8.028718 15.996923
8.793574 23.615314
12.680445 3.036950
13.967906 -29.915985
-20.573069 22.975353
-4.990084 8.117666
-2.597293 50.094360
11.864693 -38.194939
29.995996 16.723375
-9.703362 7.030151
-9.592867 -1.787483
9.644132 50.447384
-44.035995 -5.868111
-33.482285 -3.277986
-25.752743 -25.389709
-22.538061 3.663147
-23.437551 -39.460182
4.784490 -10.857333
-3.030702 -12.908739
22.873564 -28.634377
-35.484287 7.629849
24.405817 27.104212
-34.463879 -29.296309
-8.866305 -8.935073
28.498257 -9.404896
-23.174625 -36.949718
-5.871318 37.437958
-21.711876 12.649386
26.416166 33.998837
15.332164 0.643307
34.199146 15.855419
11.860650 45.446556
8.908030 -11.902987
2.744145 -6.369924
27.066402 36.581669
18.824177 -38.487251
25.840029 -32.449718
31.495441 35.592949
42.995960 16.956537
-39.114780 3.264868
-6.894392 2.486726
-10.950675 2.636230
-7.521171 2.947419
-30.934553 -29.134228
6.095205 2.112804
-49.297920 -10.649806
39.096924 -15.482181
4.234394 -4.041016
-20.600403 -41.941589
23.766741 7.127601
-0.094669 -5.849469
-35.516182 -31.983210
24.793854 -23.382484
-30.143873 -17.759241
-20.860577 35.022148
5.173227 6.101085
6.671869 0.772564
-8.447217 45.953293
16.346567 21.305336
-20.894325 -3.135452
39.720497 21.126820
4.212129 47.573311
-15.386447 -52.616402
2.731930 -31.554480
27.335331 22.949238
7.793037 10.817531
-28.499874 21.534018
7.593588 16.050453
7.271863 -11.941161
31.212992 -24.820684
-18.948708 8.304542
13.498563 -41.119114
15.974974 -0.580411
7.701964 27.338245
44.120659 -30.081116
-0.038736 -51.275196
-0.612771 7.546439
-12.179000 -22.449848
-4.330112 9.801715
-9.797302 -28.633175
21.808929 -16.936295
-8.294301 18.582563
-9.873226 -11.403298
4.792492 -43.782234
15.638214 -8.839580
1.576371 -24.075876
-3.591786 -13.191791
-23.569054 8.488338
-0.711412 46.383423
27.745153 -11.354871
-16.118504 -31.207106
27.378168 24.635098
36.247482 -20.286858
13.521398 -12.788210
-1.424828 -29.988483
2.519730 -1.759934
-8.739947 17.005733
9.317978 -14.485770
36.328804 8.200150
-1.722731 13.777135
26.286345 12.505254
-1.614571 37.506378
32.495583 34.852093
-1.210385 -48.459316
3.339781 -52.768921
3.563745 -6.953751
-18.709944 -24.678959
-30.986135 -27.212418
8.643732 -48.008358
26.980938 10.228890
-6.024684 -44.909122
-31.001619 -33.685757
-30.792952 -36.414536
-25.848892 -12.385665
3.612296 -26.035341
-12.472408 21.294558
-30.436365 -37.362278
30.074070 -28.151503
37.784302 -5.153224
-13.073911 0.431522
-26.943619 5.479047
3.859325 -12.658483
-1.428472 -29.936167
32.570469 37.004181
22.969906 -20.070244
-17.159016 -14.290387
-34.081455 6.191359
43.665890 14.479772
22.853199 -33.904381
-8.850801 12.217899
37.959450 29.599945
-1.438304 -6.633392
6.491900 6.935242
28.688160 -17.667368
-10.555609 8.831648
-17.163103 -16.839096
-31.567007 0.637804
27.367575 17.050308
0.622290 40.798386
8.175797 12.736738
-13.356189 19.147573
-16.309694 -3.193235
-17.129221 -24.600857
9.681320 -1.585246
-3.239347 38.498543
2.850635 -20.492619
-33.065983 10.806432
36.681305 16.512726
7.101458 41.812527
-16.513269 -31.224686
-32.391468 -14.123216
2.808789 -13.459248
0.422922 -17.553398
-20.889078 -3.312817
-38.534889 1.230967
41.151146 -27.869122
-16.496834 47.071373
28.612083 -6.222157
-42.219990 0.200055
-5.845410 -24.103973
-17.189404 -20.548252
-0.336131 -33.917217
-7.501480 10.865329
31.661964 9.103122
-4.217257 -3.049776
10.887671 -37.677399
39.509995 8.988433
21.411032 15.083487
9.588285 -31.126635
37.190083 36.780136
3.151446 11.239045
-6.231203 -16.768721
10.767122 -35.469437
15.631809 -18.881922
9.864058 20.095367
-1.875313 28.844278
-0.050971 -38.878929
-14.430645 -26.145191
0.285742 5.974168
17.187119 8.492043
39.225147 2.886572
-17.798079 -25.706947
20.474129 -10.791581
18.091770 3.459650
11.358634 38.024143
13.865616 41.279091
-20.628532 25.196003
-9.876277 -10.315213
3.868836 -5.662738
-30.402510 -10.975653
-13.708832 50.941238
42.171997 24.691130
10.108122 -2.855350
-0.941338 44.975029
-24.620821 8.114459
-15.211540 32.423965
-33.641869 -35.158234
-9.553777 -46.373825
-41.483189 0.383787
10.281284 42.538891
-1.989070 45.295036
-0.731472 -48.972855
-6.826057 43.594761
-31.670092 -31.177357
-9.461288 5.281430
-24.109085 1.331220
-34.628284 -4.853223
6.944502 14.000898
-12.203959 8.259271
14.398196 -6.508580
-22.603157 -9.851378
17.732517 21.182020
36.000568 19.481194
-6.950158 -48.502502
-26.734877 -14.351508
-8.898962 -25.939114
-12.868371 28.515356
-18.257967 47.255886
32.978661 16.150616
-17.613750 19.116055
-21.493851 -20.680006
-0.337050 -2.693516
-10.737567 41.688965
-2.307803 -23.667252
-34.647377 -31.158960
-2.556715 8.258657
24.425964 19.283916
-0.814452 38.235291
2.765691 -53.099720
11.186739 -36.501225
-9.971610 23.244459
-0.657794 1.797697
-26.360096 13.300465
-2.241836 -7.706363
11.250986 -17.037212
-4.834802 23.647757
6.296680 51.626701
29.189137 11.162586
-24.101500 4.042890
21.551659 -27.219599
-0.692005 -50.046085
-15.083235 -18.000614
9.438740 -36.402184
23.931602 -4.717743
-3.965781 -35.632492
14.926888 33.344437
-9.523057 -47.150223
-4.162101 42.433727
-6.060231 37.326405
6.016734 -44.562977
-20.450659 23.030277
20.568905 -3.091089
-33.565308 -37.370930
-5.385946 42.960117
-11.996302 51.876713
32.869167 36.579353
1.174330 39.810963
27.518120 -19.547712
4.373518 -0.008946
-24.511450 7.177021
0.074254 -2.379932
-4.091737 -6.261138
27.823065 -11.252642
-19.737629 28.787315
15.510565 -0.059519
4.591511 1.416538
25.304216 -25.187914
-11.330006 9.201842
5.470136 48.959309
36.491425 27.819717
-5.063985 47.631023
-18.609735 -42.335670
-25.284939 31.052713
30.156569 3.876686
33.884735 6.081645
20.719048 -10.317562
16.150600 35.549080
1.215244 -13.577377
7.513347 -23.758854
-12.176294 -14.390246
-5.445771 -12.076111
1.266615 -45.442387
19.149927 13.904225
-5.843647 10.703326
-18.655008 26.874413
7.363169 -51.910603
-2.493916 -6.051296
-1.777294 44.719730
9.261528 -31.053165
-7.869613 4.577486
-19.472204 3.847390
-18.537390 -42.350475
-21.232420 -7.301528
9.659631 6.172267
15.067298 7.910195
-22.129263 11.745061
-6.332928 20.190613
-2.849424 31.218237
44.583614 15.300481
-36.297741 18.517340
14.012540 -10.997705
-18.031387 34.187874
40.343334 19.112637
-23.090063 20.661921
28.660940 15.228530
33.116604 -3.675004
-19.180546 29.047310
-13.827274 -12.623322
-39.522648 -8.944734
19.511505 -19.613499
-44.763458 -21.595261
-1.732949 1.314389
18.742901 32.538357
-18.360584 -21.801231
3.735023 -8.884926
-1.009498 -8.905313
35.539497 10.679006
-1.160293 -46.626312
-33.508057 -32.364628
-34.763844 -19.619993
-8.426347 27.934494
39.364132 -33.892628
-22.000553 -42.726639
28.988796 26.058447
-8.638711 -1.021370
3.322747 2.111765
14.259997 42.142815
-39.267895 -0.607981
7.798742 -19.395359
-13.240315 41.743549
35.967964 3.179754
7.792569 -30.050737
-36.413418 1.195566
5.064003 -21.085981
20.800816 -13.055071
-41.572094 0.370527
20.650589 -10.500730
-13.509274 -21.500608
-24.129368 40.646961
-26.186800 -22.258482
0.494780 45.344414
-5.274982 -11.516258
-30.130877 -4.429668
-28.822596 -5.532529
-12.157680 -23.523972
-26.894169 -14.845899
-6.762821 2.549548
37.324902 10.010805
-8.309714 -5.131264
-4.729396 19.859146
-34.624863 -22.142120
20.565630 4.825145
-1.173791 11.465081
-15.980072 52.347870
17.890263 27.206802
-11.051645 7.653765
-4.129144 -4.812178
-14.699736 18.059519
-28.759325 18.238798
4.760008 34.525394
-8.139077 -39.677334
29.898399 19.445940
30.576420 37.849724
-8.991070 -10.659209
-20.675606 2.758113
-29.396288 -7.397245
-44.563980 12.913146
3.958124 -13.664797
10.112043 -33.659355
6.655528 44.141888
-39.762463 20.663219
-16.080795 52.486767
-30.426815 -2.557491
-21.300076 -46.336151
-26.644197 -10.615505
-23.023302 -13.469439
-24.285128 34.496868
-31.283703 -14.673297
17.143415 -15.226027
18.200155 -16.256512
1.667645 -50.490665
26.809925 7.859496
27.850870 2.114169
6.318094 -16.973104
-24.477571 -35.740860
-1.734448 -8.544319
30.294531 18.493164
-26.900785 -37.975357
-18.348879 -29.790888
24.752354 10.990610
-39.568893 -34.786686
-0.058403 -13.453058
-6.747684 -12.350096
-40.987606 0.132107
-30.505569 -38.663383
-2.887349 -12.864806
-24.375431 8.833026
-15.215641 32.355206
-25.502138 31.090654
18.456987 -1.590067
-4.196733 41.438080
9.105805 -14.212921
-41.052357 -13.015310
-23.219381 23.307545
10.136688 -6.496453
9.263753 16.892952
-33.655849 19.885363
-33.635365 -38.106014
-17.641947 -28.997261
-30.566326 11.963578
1.118034 -47.556156
-15.303061 32.121101
-31.921616 -35.039650
12.452742 20.831455
16.043581 -1.922218
35.053829 36.768505
-18.676666 -7.909378
-24.718378 -13.054721
17.559231 21.184071
-37.284206 -4.002652
9.754650 12.269233
7.284564 38.862823
-35.470127 27.867392
0.843466 26.729425
10.570970 2.565017
-27.739464 -43.122532
24.030855 12.477020
10.696141 41.262524
36.627762 19.286531
38.999863 11.289922
16.567932 -22.795513
5.465187 -44.638081
-26.472502 -10.590731
-32.212173 5.937260
35.657448 -6.985387
14.652766 33.147057
0.540830 14.102395
11.059974 39.849983
10.431006 0.570730
2.503514 -3.661808
10.686250 2.073081
-29.791246 -16.075800
23.163324 -13.606471
36.916328 -4.938474
-29.060501 -0.063592
-23.222115 -29.317970
-16.939569 -27.526211
-4.240883 -27.045454
-13.789501 24.323780
12.586541 46.047604
-4.517080 10.926168
1.632400 34.159203
-15.696806 49.947037
-20.406609 5.204123
-1.902278 19.259567
14.269491 -17.149244
-13.985107 22.851919
-11.260935 15.844327
-0.636617 13.410990
3.468204 -46.224915
-13.494975 24.169912
-6.960291 -23.232550
-15.658422 47.556576
-7.714723 -6.973841
0.749959 22.560108
-4.594964 21.830717
32.684502 5.791374
-33.579365 -14.070338
24.029863 -25.233953
14.071519 38.911339
-0.193562 38.722584
18.727207 11.779045
37.054165 10.197622
-8.477932 -9.448572
-18.437859 47.180862
-10.964770 18.473091
31.450075 20.021971
11.231003 8.833537
1.991401 34.272003
-10.866261 41.320335
-5.310961 19.765970
-9.143229 -16.665655
-15.796844 51.352493
-0.776976 -48.322365
23.279308 -5.928625
-6.563969 1.513586
42.795734 -25.616219
-25.820557 30.977924
14.281978 3.777919
-0.751276 -51.030350
28.042284 -20.236950
-21.810762 3.933803
33.029335 12.472083
-17.569359 20.507034
15.583447 22.491924
31.911982 36.984348
-13.953853 -39.317944
36.822750 -3.891842
28.628870 -36.431236
-29.589157 2.348114
-4.783403 -26.978174
-6.703545 27.821434
36.256123 19.922987
-5.434859 49.294430
5.532583 46.815674
-34.026329 -6.358316
29.937607 1.924181
2.074919 -16.512047
41.802719 -27.898169
-19.369440 0.664060
11.678658 -8.434738
38.270992 -5.086173
29.632187 2.715380
-0.133526 -47.472507
33.615322 22.277655
-17.490608 -25.326460
7.127225 2.763983
-4.611126 -17.717081
31.574686 -15.752787
-0.395373 -6.635054
8.477212 39.189224
-23.680391 -30.148655
31.752348 38.023491
-25.933329 -2.779192
-6.480383 9.196820
-3.384091 39.023643
18.507355 13.883789
4.065117 -50.584446
17.996975 -36.208683
2.207741 30.213518
12.571519 9.988008
-25.274061 -12.163473
-23.188433 -41.212803
-35.803589 8.096959
42.234806 14.738527
16.423468 11.249918
-7.604499 52.846996
17.722702 -9.932895
17.209850 -18.549294
4.176947 -5.414443
-0.133094 9.571094
3.170205 -11.369727
6.732800 38.176884
-17.372921 -29.046768
-9.941828 18.153845
-8.387818 30.428591
-19.348299 19.926023
-5.037973 -0.930371
-14.394346 -7.847796
4.192290 22.331278
29.438797 -13.586614
-2.234510 -22.693226
43.800453 11.070717
12.298696 -25.259130
-13.679637 -12.652883
30.124546 5.932254
-15.432428 -15.331320
8.471555 38.563992
12.523190 -33.787354
26.237312 20.426977
-9.407972 -46.853580
18.155334 2.380689
25.216284 -9.118265
16.585312 40.433205
-22.181156 -9.981091
34.493458 -13.408581
41.589882 14.853677
-3.123782 -0.107317
-23.399179 -5.406052
-2.532405 5.465127
-4.917163 -8.432371
-12.631817 21.848309
13.977304 8.878548
-27.945339 -7.507930
17.817165 -20.997225
-11.207081 27.423626
37.961990 -6.412417
-13.457869 27.927357
-21.896296 -5.327603
33.056763 16.002550
-16.051954 -4.789314
-36.155312 -14.966667
11.493318 12.242846
13.515162 -9.029339
-1.741682 -11.599962
-10.854008 5.397617
-1.395769 47.988361
15.318957 5.834551
-21.841167 12.428505
-34.489895 -34.477978
29.685692 21.211988
-44.159336 -5.783621
18.432686 -22.893944
-17.324657 20.741264
3.635256 -3.452839
-30.793749 -33.717800
4.181111 6.756813
3.813196 -8.721501
-8.558313 -3.387142
36.869473 -27.679020
0.837662 -20.312613
-26.456835 -37.466732
-20.879236 -9.495165
37.708225 19.194563
-3.664483 -47.636749
39.861485 12.730240
1.973943 40.577393
35.424202 9.547926
2.669712 4.049070
-13.636395 -16.538246
22.917313 -28.410246
11.609507 13.453848
-7.647212 -13.046154
5.135366 -32.081642
-21.787313 -31.135324
24.955456 -23.537527
43.473473 -22.871384
-0.702337 5.016321
-13.713810 -18.554565
12.314112 -13.589099
6.129757 3.495927
-14.855522 29.048820
33.728035 31.655109
-12.127656 -2.837137
8.895314 47.676262
-9.504468 -47.145992
-10.820023 -11.042115
12.060597 32.722816
-16.163483 0.091201
12.650002 -36.819183
-31.800484 -1.492005
-7.257911 -7.277490
-7.830820 34.628517
1.501885 -4.406330
6.619441 -13.772882
0.611144 42.471771
42.362312 -23.777512
-24.096907 -29.130180
-45.919094 -1.661127
-17.263897 6.822392
-14.997190 -25.814037
-12.993650 -7.484643
-26.173418 32.268669
-14.561584 16.530989
3.203379 -2.662985
-22.131311 -14.149095
-5.364026 -22.429401
14.906713 -23.505222
-24.235426 -10.794944
5.471554 16.203695
-6.656758 -6.622586
-12.088775 -16.413612
31.572020 15.083071
4.459888 2.657527
46.040005 -6.773918
-41.409351 16.929541
6.667548 8.867842
14.783807 -4.236411
3.353499 -22.082689
27.977589 -19.315878
-16.183121 -14.961519
-16.702744 41.740250
12.755451 -22.739359
-7.672250 -1.873313
-9.950881 3.283313
-29.432043 18.364956
-14.180058 22.026703
-16.059504 12.404510
-19.380663 18.764418
1.286889 -0.461166
-32.557693 18.747152
39.660446 10.533178
6.569615 -11.348384
-0.244855 30.921585
-26.971638 5.405316
-39.428642 5.535488
-20.637087 -41.380848
-2.530655 -4.746359
36.319744 22.938992
-8.978099 19.670589
-27.055302 17.153589
2.869272 -15.763768
-17.454559 10.210581
-5.904004 19.757563
-7.107084 -15.230007
16.814945 22.828278
-2.608044 -16.605154
18.166672 3.879356
16.638708 17.835066
-11.841481 -25.245035
-37.404476 7.587856
0.660448 3.019746
12.368846 8.339984
-14.632620 23.603903
-15.556585 26.200024
-19.914116 -29.121916
27.907724 -16.745428
-29.188911 -20.458616
10.023159 19.640514
-13.033005 -2.482699
32.939991 37.694866
5.410179 9.170448
-36.164551 -12.096222
-8.694831 -19.287310
45.745712 10.895173
-5.963215 7.095900
-18.205729 12.056453
-5.068167 -15.553776
11.156728 4.054875
-13.787368 -6.437916
16.756454 0.030794
-14.348763 3.822763
37.816067 -5.880548
7.260166 -5.896202
17.221645 13.265869
-4.245561 10.744186
-40.751801 -3.018933
39.491825 12.180606
6.202301 -37.912693
-28.799780 0.137372
32.220497 10.756663
-18.580902 -12.353713
-14.487388 19.503124
26.079334 -17.207930
-1.061269 15.484668
-19.296684 20.019711
3.358956 3.104933
14.232503 9.617178
-32.096535 5.880604
10.245294 47.235771
-35.913765 -29.867062
2.789846 47.675480
-7.840612 10.906952
35.270596 -2.706176
-2.701301 14.618535
14.952179 6.434401
-0.687593 25.921787
4.448763 -36.414494
-7.325278 8.156268
28.830397 11.968585
17.369295 26.354773
39.372223 -15.295036
34.511406 14.371106
-8.398760 39.709198
-7.088789 -15.218849
-2.506568 3.950307
-11.397023 -8.941116
-31.363260 -16.577103
-17.932056 -10.284245
13.606807 -0.175316
10.095579 46.283558
35.155556 11.570216
3.242368 -44.829220
-7.349525 -10.505500
39.290638 17.066065
-13.781451 -26.390713
-0.984537 46.848694
-10.918139 41.651928
-2.610926 36.134689
-34.484253 2.030429
2.689008 -0.964001
-2.248703 49.767887
33.962955 35.689682
-2.602842 -18.176252
-5.076506 18.653837
-21.683882 -38.215527
-18.283144 4.409511
-6.680156 11.544137
-35.440052 7.899580
-0.745851 10.993675
-25.464334 -41.858231
3.570771 42.398930
-20.503576 -23.202747
-2.121951 5.142525
-11.386674 42.430859
-10.806108 21.118340
31.882576 35.192532
-6.855137 -45.135273
43.124115 -32.555084
11.205785 10.407732
-18.843876 -39.801258
-34.536949 -5.000250
-11.629752 -1.071330
-7.235797 -24.284088
7.485260 -9.256780
-1.898564 33.390987
15.344995 40.893345
23.189716 0.986010
-46.741188 -17.277254
1.448123 6.509851
-22.818113 -15.745918
3.555791 24.995729
11.211645 -8.398364
-10.867510 48.648418
10.129337 39.817482
-39.932514 13.215784
-25.809170 -31.022455
26.085089 -28.809631
8.251235 5.883951
15.439181 -27.284979
-11.353374 6.338018
-26.869478 -14.726223
19.339579 -9.003027
25.744883 1.767143
13.604583 14.965601
-35.021095 14.671264
0.270920 25.170481
4.865620 -9.281144
-19.072615 -17.987890
-27.589380 27.139467
-19.496609 -44.266285
42.349583 -27.774883
-27.391066 0.429908
29.896452 18.308056
-13.551514 17.518669
4.556616 16.039364
-25.617470 24.233919
-5.402213 49.276516
12.485649 -34.266018
-30.809429 -21.671915
-9.682561 41.338661
-19.683331 -17.144772
13.188358 7.777387
-10.734681 48.399658
-1.389038 -38.300533
26.878119 14.691756
9.523081 38.144119
-5.907792 44.104797
11.199524 45.713924
29.480835 10.832008
-29.589783 -0.779758
-5.031600 -44.087341
-19.282206 2.674735
1.763463 0.276418
12.007996 35.760193
31.305611 3.648191
-26.458704 -12.470099
-33.625351 6.596206
-15.722453 -11.068614
-0.003709 42.059849
9.371703 -25.693935
-11.105005 45.513386
16.054628 -1.767071
12.785603 -18.611393
10.346250 -22.218882
-21.453501 12.526489
9.706684 -18.857313
9.458785 10.775274
3.752930 -28.253744
-43.844566 -28.583218
0.089743 48.336075
-9.205288 37.899452
-16.751438 -36.438068
-0.793033 41.533997
20.473379 38.034966
-0.430706 9.917511
1.639086 -1.031799
10.837831 44.217445
-30.116373 -17.492903
2.263624 36.619541
-2.757315 17.248745
26.540752 3.895593
-9.534592 17.356569
27.798275 -23.729143
25.156939 3.853861
6.228229 -0.865727
-1.350512 6.742013
16.750294 40.344784
34.787392 -3.826333
-36.729401 -34.247391
-28.551483 27.534523
-0.043470 -39.687366
22.522346 -1.554732
22.901991 -20.073385
-25.269693 -1.235848
26.280071 24.349356
-40.932915 -0.831850
9.318891 36.852894
23.723301 9.172780
-35.478016 -44.493816
-14.767023 -26.006775
-12.623777 -22.179079
41.293915 -27.093264
-13.966879 -2.149426
30.599125 12.441036
-29.124214 -9.699810
5.617412 -6.825552
-2.461975 -9.483073
21.045652 -23.860624
27.994741 13.816569
-25.699886 -13.619081
32.741550 3.237203
30.312395 5.525702
-18.032736 -0.967593
26.836002 13.641259
-1.408113 38.320087
-37.257824 9.438060
-10.333682 -13.463771
7.304353 0.596279
-15.706853 28.028585
-5.992613 -24.006987
-0.152977 -20.601742
-13.971741 -6.120690
-6.340327 5.187165
-34.790497 20.409288
-36.151333 -32.152058
7.999481 -4.676813
-17.785202 27.342360
1.833233 -6.758965
-1.086455 -6.962675
8.824578 46.587811
-15.814581 -15.166058
28.732731 14.361053
-4.098462 44.237663
29.864609 -10.074844
-22.427235 -18.076759
12.051205 -37.630444
0.647308 45.048862
-34.038284 5.672630
-16.713602 -11.970289
19.340387 -36.488472
13.431390 6.363846
21.595390 -30.586618
-17.664503 51.080853
8.958308 -37.080631
36.607876 -27.493357
6.831086 -20.054768
-27.620815 -25.234146
29.271544 4.774387
19.921202 19.763838
2.254830 29.385080
23.207001 -14.000116
8.430184 46.743118
37.017265 22.042379
-10.840682 -33.163406
28.446970 -27.953247
13.268147 24.251146
37.885521 11.106159
36.419533 16.156593
-4.158831 -5.857038
-30.551716 -26.526672
6.368581 34.998447
45.534740 -25.705000
-24.752768 -3.259935
5.512512 40.792774
-32.062798 10.421929
-39.947243 7.549236
15.544435 9.049156
5.389987 -38.712795
41.861336 -30.278009
-24.893772 -8.520649
-33.846504 -33.605667
2.902759 -10.636920
6.891675 33.442638
0.582568 46.814190
18.179958 16.599430
28.785128 -19.481356
-1.844980 33.915550
1.270816 -8.695868
10.139627 44.975082
-39.588554 -0.572111
-4.649329 2.213073
26.182003 23.014557
4.010818 -1.572997
18.767782 -38.703251
26.880810 16.041229
9.585434 4.137721
1.972979 5.335743
-3.685885 26.401537
-10.404354 -47.057964
14.633946 41.112110
26.839754 22.477228
8.043938 -10.347763
-1.580907 -5.412519
3.702223 35.778629
9.006307 47.458675
-23.672375 -41.538448
-35.142761 -6.368476
3.069939 7.985010
-9.253806 21.422709
36.162159 20.991289
25.284065 -9.043065
14.077938 -36.393093
16.569260 1.330715
21.933228 12.538674
44.587399 16.908493
-19.641087 20.059988
-0.830956 -4.952448
-3.646208 11.375779
43.739567 10.243174
-16.644793 0.676420
9.258213 37.894245
32.061581 39.581856
34.373970 18.722784
35.437328 -4.193912
-1.506672 -49.200127
-18.406845 22.754753
-26.503668 2.577893
1.765727 48.827721
-5.199503 -0.295417
11.383655 39.584255
-32.250259 -14.686499
10.493870 50.775726
-31.854422 -32.691956
8.349547 -21.529844
-28.260660 -15.292581
-7.558108 17.313717
-28.981363 27.206129
8.875719 5.596063
-0.734455 -1.061230
-14.845582 4.744475
-13.827739 -4.561229
32.644478 19.352301
7.946810 -1.508491
5.814721 -15.424394
11.688167 0.013904
-10.970741 24.596401
-15.978900 -8.004233
29.474745 34.188751
-4.567877 14.345137
-39.343315 0.957790
-11.585867 -26.275148
-29.868578 -6.649692
1.502995 -26.975891
5.013303 -19.215260
27.532997 -16.221859
-9.340708 -48.642841
-31.307686 -4.957479
6.438412 -45.407944
-3.516212 20.654835
35.873955 31.184015
-31.657595 29.145905
2.386371 -50.494431
27.489983 -24.329365
-26.259243 17.634731
28.174068 14.754864
-18.088484 8.660307
-17.296276 -26.635565
-12.037460 19.429600
-5.970183 -23.728600
8.662745 -11.919144
-19.846802 -43.698391
-0.584301 39.905834
-29.407070 -35.113754
19.482080 -5.048267
-5.062609 31.708004
-9.972779 41.191166
-13.150586 50.925697
14.101247 29.168486
-10.153005 31.902725
-33.093887 -3.665822
38.325630 -15.950546
18.683783 -35.717205
-28.213417 -5.960002
27.924555 -27.244612
-38.160053 -5.654312
-17.083998 -35.116863
-41.439674 2.349788
5.537832 16.139465
-21.204763 -25.240921
23.642275 12.766238
2.667880 -16.226763
32.426800 13.603861
-35.673035 3.325580
33.061413 20.648825
-17.613394 18.892389
1.777961 -18.702579
-20.428207 4.816921
36.358189 5.788172
-1.415749 46.887222
-5.201037 47.570236
18.838884 -19.611897
-1.304659 -46.115387
-33.546600 -25.030163
-27.084726 -11.464652
-21.277681 -16.477959
14.393462 -17.310797
-22.090736 -30.817812
18.966579 -32.693218
-20.043488 -10.224915
35.646790 21.650885
-31.069443 -5.680572
35.877247 10.264338
5.213584 -6.855506
-2.402880 41.688721
-8.990237 43.112278
-24.849831 -12.244178
-32.109707 -36.610615
-11.704032 -19.041082
-24.856136 -31.223604
8.970959 -7.987921
-28.514076 27.410717
20.879219 -13.074275
26.514133 -27.362082
-16.510576 -3.742643
16.384005 -10.860314
-12.526244 25.006041
-21.880844 -45.233898
-11.267673 -19.454386
-9.922563 -22.995768
34.540524 -33.005886
-6.539379 -8.059476
-22.743309 -5.689486
26.438704 -25.570374
-13.689077 -20.138245
34.954906 10.319579
-27.497372 -16.678766
10.005579 -33.555454
15.509756 11.818115
3.385346 48.877029
-28.356909 10.371194
-27.930866 -4.316077
-14.107181 24.962332
-2.371149 39.319145
-15.516228 -31.308811
-4.903197 -7.292155
20.583147 1.798494
-12.660264 22.818132
28.494244 16.085617
22.601274 -1.530778
-39.830494 17.131729
25.796679 -26.190392
-13.627004 11.403525
-0.864511 -50.069332
37.984085 -6.214518
9.143888 1.074716
-15.352883 9.035474
-12.479842 20.023720
-5.390933 -13.943505
10.408673 -21.982553
-0.294166 -48.642979
-33.177818 -6.742122
-7.690816 -13.058807
-2.672946 -2.747263
8.106997 7.897731
-23.165960 -26.891727
28.216303 23.514364
-15.631712 44.414539
43.613926 -28.491009
-23.312975 3.390530
37.917625 -7.032773
18.022047 -31.716316
-18.911707 -47.249741
14.224722 -15.289656
-15.974701 48.673229
-35.316288 -28.480677
-1.395844 -12.742186
-23.585718 26.120056
6.512875 -18.416822
44.908012 6.425567
-17.044781 49.551559
23.225981 0.974719
-6.901093 -48.565426
-1.121514 -26.130482
43.897743 28.048803
-31.279659 -29.592131
-27.035372 19.343153
19.564110 20.894594
-38.003460 -17.720318
16.181681 42.571613
-27.715004 -2.728071
16.205202 -6.394970
22.942513 18.345264
11.614017 25.793058
15.104766 37.997864
-13.911839 50.497082
0.973822 -40.164768
5.225767 7.833998
19.826727 10.429675
-7.306906 -17.895828
-8.679788 -3.288039
8.082264 46.596142
5.192281 -30.818470
-0.772088 43.415543
6.937181 -14.322433
30.685923 22.232262
1.719055 -24.309780
-10.329062 17.494764
43.303047 -29.831787
4.303775 10.077230
14.909598 33.388222
-15.730906 3.332016
18.021822 20.398510
-8.268960 49.539391
-14.526722 15.822765
7.262356 -9.107388
4.243118 8.597599
-44.352951 -15.054424
39.680477 -15.098959
-7.010497 -33.230450
-6.524936 -32.546673
7.555964 23.215878
0.527230 -1.988675
3.945374 -9.476374
17.003250 -15.186168
31.815943 -5.639551
4.928651 -36.282761
-29.182474 -13.921018
-2.336144 3.015619
30.371658 4.609874
0.946457 -46.408092
-10.156482 31.914787
-5.357210 -13.823425
-15.254668 -23.529100
-8.637102 2.260893
3.382246 3.516899
-11.839195 -47.642124
-26.922213 -29.448143
-35.863369 0.724355
38.506260 23.904213
4.755636 -16.791571
19.022694 8.109110
-35.380062 -9.531149
-7.680932 -7.766083
-21.458685 -10.236273
-7.385438 -29.006788
34.870613 39.317665
9.894795 38.903252
5.685765 -4.022767
9.451653 21.844793
3.012473 48.548851
13.067007 11.458805
30.963976 5.413504
4.140875 25.251900
-19.296917 -36.615128
-9.032657 -38.086163
38.146622 7.783089
2.766673 -51.614296
9.432564 -8.024037
26.070702 -28.825356
-13.840876 -13.822828
-19.843924 -5.577094
12.835255 -38.488960
-26.446186 -35.708649
-35.332165 2.305807
-5.929629 43.127789
-23.624357 -23.019480
-20.506186 28.256138
-3.894424 11.453040
-1.858365 10.285408
18.939026 6.163271
-10.559955 19.616560
9.458700 -37.099251
10.720201 -16.891668
-30.071032 -3.794244
30.734245 13.581958
12.387808 25.565989
-0.610667 -7.805977
1.889936 -9.567021
21.582401 29.271418
1.034508 15.030155
-6.423573 -32.456623
27.118139 17.230047
-28.839460 -22.637802
28.680292 18.872055
-27.872086 -11.767210
33.064213 17.889648
41.568996 14.889670
-47.177311 6.720307
3.251065 13.882578
30.959337 -5.816801
32.817272 14.734289
1.757850 -48.103851
3.295529 -18.490467
-5.765281 18.907093
4.757313 -10.919019
7.992096 -17.207518
41.655739 -28.893963
